exec <-
structure(c(6, 6, 6, 6, 6, 6, 6, 6, 6, 6, 6, 6, 6, 6, 6, 6, 6, 
6, 6, 6, 6, 6, 6, 6, 6, 6, 6, 6, 6, 6, 51, 51, 51, 51, 51, 51, 
51, 51, 51, 51, 51, 51, 51, 51, 51, 51, 51, 51, 51, 51, 51, 51, 
51, 51, 51, 51, 51, 51, 51, 51, 51, 51, 51, 51, 51, 51, 51, 51, 
51, 51, 51, 51, 51, 51, 51, 51, 51, 51, 51, 51, 51, 51, 51, 51, 
51, 51, 51, 51, 51, 51, 0, 0, 0, 0, 0, 0, 0, 0, 0, 0, 0, 0, 0, 
0, 0, 0, 0, 0, 0, 0, 0, 0, 0, 0, 0, 0, 0, 0, 0, 0, 5636, 5636, 
5636, 5636, 5636, 5636, 5636, 5636, 5636, 5636, 5636, 5636, 5636, 
5636, 5636, 5636, 5636, 5636, 5636, 5636, 5636, 5636, 5636, 5636, 
5636, 5636, 5636, 5636, 5636, 5636, 0.00904897090134847, 0.00904897090134847, 
0.00904897090134847, 0.00904897090134847, 0.00904897090134847, 
0.00904897090134847, 0.00904897090134847, 0.00904897090134847, 
0.00904897090134847, 0.00904897090134847, 0.00904897090134847, 
0.00904897090134847, 0.00904897090134847, 0.00904897090134847, 
0.00904897090134847, 0.00904897090134847, 0.00904897090134847, 
0.00904897090134847, 0.00904897090134847, 0.00904897090134847, 
0.00904897090134847, 0.00904897090134847, 0.00904897090134847, 
0.00904897090134847, 0.00904897090134847, 0.00904897090134847, 
0.00904897090134847, 0.00904897090134847, 0.00904897090134847, 
0.00904897090134847, 1, 1, 1, 1, 1, 1, 1, 1, 1, 1, 1, 1, 1, 1, 
1, 1, 1, 1, 1, 1, 1, 1, 1, 1, 1, 1, 1, 1, 1, 1, 0, 0, 0, 0, 0, 
0, 0, 0, 0, 0, 0, 0, 0, 0, 0, 0, 0, 0, 0, 0, 0, 0, 0, 0, 0, 0, 
0, 0, 0, 0, 6, 6, 6, 6, 6, 6, 6, 6, 6, 6, 6, 6, 6, 6, 6, 6, 6, 
6, 6, 6, 6, 6, 6, 6, 6, 6, 6, 6, 6, 6, 6, 6, 6, 6, 6, 6, 6, 6, 
6, 6, 6, 6, 6, 6, 6, 6, 6, 6, 6, 6, 6, 6, 6, 6, 6, 6, 6, 6, 6, 
6, 6, 6, 6, 6, 6, 6, 6, 6, 6, 6, 6, 6, 6, 6, 6, 6, 6, 6, 6, 6, 
6, 6, 6, 6, 6, 6, 6, 6, 6, 6, 0, 0, 0, 0, 0, 0, 0, 0, 0, 0, 0, 
0, 0, 0, 0, 0, 0, 0, 0, 0, 0, 0, 0, 0, 0, 0, 0, 0, 0, 0, 6, 6, 
6, 6, 6, 6, 6, 6, 6, 6, 6, 6, 6, 6, 6, 6, 6, 6, 6, 6, 6, 6, 6, 
6, 6, 6, 6, 6, 6, 6, 0.0800212916962385, 0.0800212916962385, 
0.0800212916962385, 0.0800212916962385, 0.0800212916962385, 0.0800212916962385, 
0.0800212916962385, 0.0800212916962385, 0.0800212916962385, 0.0800212916962385, 
0.0800212916962385, 0.0800212916962385, 0.0800212916962385, 0.0800212916962385, 
0.0800212916962385, 0.0800212916962385, 0.0800212916962385, 0.0800212916962385, 
0.0800212916962385, 0.0800212916962385, 0.0800212916962385, 0.0800212916962385, 
0.0800212916962385, 0.0800212916962385, 0.0800212916962385, 0.0800212916962385, 
0.0800212916962385, 0.0800212916962385, 0.0800212916962385, 0.0800212916962385, 
0.411994322214336, 0.411994322214336, 0.411994322214336, 0.411994322214336, 
0.411994322214336, 0.411994322214336, 0.411994322214336, 0.411994322214336, 
0.411994322214336, 0.411994322214336, 0.411994322214336, 0.411994322214336, 
0.411994322214336, 0.411994322214336, 0.411994322214336, 0.411994322214336, 
0.411994322214336, 0.411994322214336, 0.411994322214336, 0.411994322214336, 
0.411994322214336, 0.411994322214336, 0.411994322214336, 0.411994322214336, 
0.411994322214336, 0.411994322214336, 0.411994322214336, 0.411994322214336, 
0.411994322214336, 0.411994322214336, 0.166666666666667, 0.166666666666667, 
0.166666666666667, 0.166666666666667, 0.166666666666667, 0.166666666666667, 
0.166666666666667, 0.166666666666667, 0.166666666666667, 0.166666666666667, 
0.166666666666667, 0.166666666666667, 0.166666666666667, 0.166666666666667, 
0.166666666666667, 0.166666666666667, 0.166666666666667, 0.166666666666667, 
0.166666666666667, 0.166666666666667, 0.166666666666667, 0.166666666666667, 
0.166666666666667, 0.166666666666667, 0.166666666666667, 0.166666666666667, 
0.166666666666667, 0.166666666666667, 0.166666666666667, 0.166666666666667, 
0.124817224301188, 0.124817224301188, 0.124817224301188, 0.124817224301188, 
0.124817224301188, 0.124817224301188, 0.124817224301188, 0.124817224301188, 
0.124817224301188, 0.124817224301188, 0.124817224301188, 0.124817224301188, 
0.124817224301188, 0.124817224301188, 0.124817224301188, 0.124817224301188, 
0.124817224301188, 0.124817224301188, 0.124817224301188, 0.124817224301188, 
0.124817224301188, 0.124817224301188, 0.124817224301188, 0.124817224301188, 
0.124817224301188, 0.124817224301188, 0.124817224301188, 0.124817224301188, 
0.124817224301188, 0.124817224301188, 4.12390488629744, 4.12390488629744, 
4.12390488629744, 4.12390488629744, 4.12390488629744, 4.12390488629744, 
4.12390488629744, 4.12390488629744, 4.12390488629744, 4.12390488629744, 
4.12390488629744, 4.12390488629744, 4.12390488629744, 4.12390488629744, 
4.12390488629744, 4.12390488629744, 4.12390488629744, 4.12390488629744, 
4.12390488629744, 4.12390488629744, 4.12390488629744, 4.12390488629744, 
4.12390488629744, 4.12390488629744, 4.12390488629744, 4.12390488629744, 
4.12390488629744, 4.12390488629744, 4.12390488629744, 4.12390488629744, 
4.12390488629744, 4.12390488629744, 4.12390488629744, 4.12390488629744, 
4.12390488629744, 4.12390488629744, 4.12390488629744, 4.12390488629744, 
4.12390488629744, 4.12390488629744, 4.12390488629744, 4.12390488629744, 
4.12390488629744, 4.12390488629744, 4.12390488629744, 4.12390488629744, 
4.12390488629744, 4.12390488629744, 4.12390488629744, 4.12390488629744, 
4.12390488629744, 4.12390488629744, 4.12390488629744, 4.12390488629744, 
4.12390488629744, 4.12390488629744, 4.12390488629744, 4.12390488629744, 
4.12390488629744, 4.12390488629744, 49.8890109515012, 49.8890109515012, 
49.8890109515012, 49.8890109515012, 49.8890109515012, 49.8890109515012, 
49.8890109515012, 49.8890109515012, 49.8890109515012, 49.8890109515012, 
49.8890109515012, 49.8890109515012, 49.8890109515012, 49.8890109515012, 
49.8890109515012, 49.8890109515012, 49.8890109515012, 49.8890109515012, 
49.8890109515012, 49.8890109515012, 49.8890109515012, 49.8890109515012, 
49.8890109515012, 49.8890109515012, 49.8890109515012, 49.8890109515012, 
49.8890109515012, 49.8890109515012, 49.8890109515012, 49.8890109515012, 
49.8890109515012, 49.8890109515012, 49.8890109515012, 49.8890109515012, 
49.8890109515012, 49.8890109515012, 49.8890109515012, 49.8890109515012, 
49.8890109515012, 49.8890109515012, 49.8890109515012, 49.8890109515012, 
49.8890109515012, 49.8890109515012, 49.8890109515012, 49.8890109515012, 
49.8890109515012, 49.8890109515012, 49.8890109515012, 49.8890109515012, 
49.8890109515012, 49.8890109515012, 49.8890109515012, 49.8890109515012, 
49.8890109515012, 49.8890109515012, 49.8890109515012, 49.8890109515012, 
49.8890109515012, 49.8890109515012, 0.256059100572191, 0.256059100572191, 
0.256059100572191, 0.256059100572191, 0.256059100572191, 0.256059100572191, 
0.256059100572191, 0.256059100572191, 0.256059100572191, 0.256059100572191, 
0.256059100572191, 0.256059100572191, 0.256059100572191, 0.256059100572191, 
0.256059100572191, 0.256059100572191, 0.256059100572191, 0.256059100572191, 
0.256059100572191, 0.256059100572191, 0.256059100572191, 0.256059100572191, 
0.256059100572191, 0.256059100572191, 0.256059100572191, 0.256059100572191, 
0.256059100572191, 0.256059100572191, 0.256059100572191, 0.256059100572191, 
0.443803537873746, 0.443803537873746, 0.443803537873746, 0.443803537873746, 
0.443803537873746, 0.443803537873746, 0.443803537873746, 0.443803537873746, 
0.443803537873746, 0.443803537873746, 0.443803537873746, 0.443803537873746, 
0.443803537873746, 0.443803537873746, 0.443803537873746, 0.443803537873746, 
0.443803537873746, 0.443803537873746, 0.443803537873746, 0.443803537873746, 
0.443803537873746, 0.443803537873746, 0.443803537873746, 0.443803537873746, 
0.443803537873746, 0.443803537873746, 0.443803537873746, 0.443803537873746, 
0.443803537873746, 0.443803537873746, 0.456559215646187, 0.456559215646187, 
0.456559215646187, 0.456559215646187, 0.456559215646187, 0.456559215646187, 
0.456559215646187, 0.456559215646187, 0.456559215646187, 0.456559215646187, 
0.456559215646187, 0.456559215646187, 0.456559215646187, 0.456559215646187, 
0.456559215646187, 0.456559215646187, 0.456559215646187, 0.456559215646187, 
