exec <-
structure(c(15, 15, 15, 15, 15, 15, 15, 15, 15, 15, 15, 15, 15, 
15, 15, 15, 15, 15, 15, 15, 15, 15, 15, 15, 15, 15, 15, 15, 15, 
15, 21, 21, 21, 21, 21, 21, 21, 21, 21, 21, 21, 21, 21, 21, 21, 
21, 21, 21, 21, 21, 21, 21, 21, 21, 21, 21, 21, 21, 21, 21, 20, 
20, 20, 20, 20, 20, 20, 20, 20, 20, 20, 20, 20, 20, 20, 20, 20, 
20, 20, 20, 20, 20, 20, 20, 20, 20, 20, 20, 20, 20, 1, 1, 1, 
1, 1, 1, 1, 1, 1, 1, 1, 1, 1, 1, 1, 1, 1, 1, 1, 1, 1, 1, 1, 1, 
1, 1, 1, 1, 1, 1, 500, 500, 500, 500, 500, 500, 500, 500, 500, 
500, 500, 500, 500, 500, 500, 500, 500, 500, 500, 500, 500, 500, 
500, 500, 500, 500, 500, 500, 500, 500, 0.042, 0.042, 0.042, 
0.042, 0.042, 0.042, 0.042, 0.042, 0.042, 0.042, 0.042, 0.042, 
0.042, 0.042, 0.042, 0.042, 0.042, 0.042, 0.042, 0.042, 0.042, 
0.042, 0.042, 0.042, 0.042, 0.042, 0.042, 0.042, 0.042, 0.042, 
0.952380952380952, 0.952380952380952, 0.952380952380952, 0.952380952380952, 
0.952380952380952, 0.952380952380952, 0.952380952380952, 0.952380952380952, 
0.952380952380952, 0.952380952380952, 0.952380952380952, 0.952380952380952, 
0.952380952380952, 0.952380952380952, 0.952380952380952, 0.952380952380952, 
0.952380952380952, 0.952380952380952, 0.952380952380952, 0.952380952380952, 
0.952380952380952, 0.952380952380952, 0.952380952380952, 0.952380952380952, 
0.952380952380952, 0.952380952380952, 0.952380952380952, 0.952380952380952, 
0.952380952380952, 0.952380952380952, 0.0476190476190476, 0.0476190476190476, 
0.0476190476190476, 0.0476190476190476, 0.0476190476190476, 0.0476190476190476, 
0.0476190476190476, 0.0476190476190476, 0.0476190476190476, 0.0476190476190476, 
0.0476190476190476, 0.0476190476190476, 0.0476190476190476, 0.0476190476190476, 
0.0476190476190476, 0.0476190476190476, 0.0476190476190476, 0.0476190476190476, 
0.0476190476190476, 0.0476190476190476, 0.0476190476190476, 0.0476190476190476, 
0.0476190476190476, 0.0476190476190476, 0.0476190476190476, 0.0476190476190476, 
0.0476190476190476, 0.0476190476190476, 0.0476190476190476, 0.0476190476190476, 
15, 15, 15, 15, 15, 15, 15, 15, 15, 15, 15, 15, 15, 15, 15, 15, 
15, 15, 15, 15, 15, 15, 15, 15, 15, 15, 15, 15, 15, 15, 15, 15, 
15, 15, 15, 15, 15, 15, 15, 15, 15, 15, 15, 15, 15, 15, 15, 15, 
15, 15, 15, 15, 15, 15, 15, 15, 15, 15, 15, 15, 15, 15, 15, 15, 
15, 15, 15, 15, 15, 15, 15, 15, 15, 15, 15, 15, 15, 15, 15, 15, 
15, 15, 15, 15, 15, 15, 15, 15, 15, 15, 0, 0, 0, 0, 0, 0, 0, 
0, 0, 0, 0, 0, 0, 0, 0, 0, 0, 0, 0, 0, 0, 0, 0, 0, 0, 0, 0, 0, 
0, 0, 30, 30, 30, 30, 30, 30, 30, 30, 30, 30, 30, 30, 30, 30, 
30, 30, 30, 30, 30, 30, 30, 30, 30, 30, 30, 30, 30, 30, 30, 30, 
0.012, 0.012, 0.012, 0.012, 0.012, 0.012, 0.012, 0.012, 0.012, 
0.012, 0.012, 0.012, 0.012, 0.012, 0.012, 0.012, 0.012, 0.012, 
0.012, 0.012, 0.012, 0.012, 0.012, 0.012, 0.012, 0.012, 0.012, 
0.012, 0.012, 0.012, 0.16, 0.16, 0.16, 0.16, 0.16, 0.16, 0.16, 
0.16, 0.16, 0.16, 0.16, 0.16, 0.16, 0.16, 0.16, 0.16, 0.16, 0.16, 
0.16, 0.16, 0.16, 0.16, 0.16, 0.16, 0.16, 0.16, 0.16, 0.16, 0.16, 
0.16, 0.0666666666666667, 0.0666666666666667, 0.0666666666666667, 
0.0666666666666667, 0.0666666666666667, 0.0666666666666667, 0.0666666666666667, 
0.0666666666666667, 0.0666666666666667, 0.0666666666666667, 0.0666666666666667, 
0.0666666666666667, 0.0666666666666667, 0.0666666666666667, 0.0666666666666667, 
0.0666666666666667, 0.0666666666666667, 0.0666666666666667, 0.0666666666666667, 
0.0666666666666667, 0.0666666666666667, 0.0666666666666667, 0.0666666666666667, 
0.0666666666666667, 0.0666666666666667, 0.0666666666666667, 0.0666666666666667, 
0.0666666666666667, 0.0666666666666667, 0.0666666666666667, 0.0424847311507603, 
0.0424847311507603, 0.0424847311507603, 0.0424847311507603, 0.0424847311507603, 
0.0424847311507603, 0.0424847311507603, 0.0424847311507603, 0.0424847311507603, 
0.0424847311507603, 0.0424847311507603, 0.0424847311507603, 0.0424847311507603, 
0.0424847311507603, 0.0424847311507603, 0.0424847311507603, 0.0424847311507603, 
0.0424847311507603, 0.0424847311507603, 0.0424847311507603, 0.0424847311507603, 
0.0424847311507603, 0.0424847311507603, 0.0424847311507603, 0.0424847311507603, 
0.0424847311507603, 0.0424847311507603, 0.0424847311507603, 0.0424847311507603, 
0.0424847311507603, 0.729942892524452, 0.729942892524452, 0.729942892524452, 
0.729942892524452, 0.729942892524452, 0.729942892524452, 0.729942892524452, 
0.729942892524452, 0.729942892524452, 0.729942892524452, 0.729942892524452, 
0.729942892524452, 0.729942892524452, 0.729942892524452, 0.729942892524452, 
0.729942892524452, 0.729942892524452, 0.729942892524452, 0.729942892524452, 
0.729942892524452, 0.729942892524452, 0.729942892524452, 0.729942892524452, 
0.729942892524452, 0.729942892524452, 0.729942892524452, 0.729942892524452, 
0.729942892524452, 0.729942892524452, 0.729942892524452, 0.729942892524452, 
0.729942892524452, 0.729942892524452, 0.729942892524452, 0.729942892524452, 
0.729942892524452, 0.729942892524452, 0.729942892524452, 0.729942892524452, 
0.729942892524452, 0.729942892524452, 0.729942892524452, 0.729942892524452, 
0.729942892524452, 0.729942892524452, 0.729942892524452, 0.729942892524452, 
0.729942892524452, 0.729942892524452, 0.729942892524452, 0.729942892524452, 
0.729942892524452, 0.729942892524452, 0.729942892524452, 0.729942892524452, 
0.729942892524452, 0.729942892524452, 0.729942892524452, 0.729942892524452, 
0.729942892524452, 3.65197109756063, 3.65197109756063, 3.65197109756063, 
3.65197109756063, 3.65197109756063, 3.65197109756063, 3.65197109756063, 
3.65197109756063, 3.65197109756063, 3.65197109756063, 3.65197109756063, 
3.65197109756063, 3.65197109756063, 3.65197109756063, 3.65197109756063, 
3.65197109756063, 3.65197109756063, 3.65197109756063, 3.65197109756063, 
3.65197109756063, 3.65197109756063, 3.65197109756063, 3.65197109756063, 
3.65197109756063, 3.65197109756063, 3.65197109756063, 3.65197109756063, 
3.65197109756063, 3.65197109756063, 3.65197109756063, 3.65197109756063, 
3.65197109756063, 3.65197109756063, 3.65197109756063, 3.65197109756063, 
3.65197109756063, 3.65197109756063, 3.65197109756063, 3.65197109756063, 
3.65197109756063, 3.65197109756063, 3.65197109756063, 3.65197109756063, 
3.65197109756063, 3.65197109756063, 3.65197109756063, 3.65197109756063, 
3.65197109756063, 3.65197109756063, 3.65197109756063, 3.65197109756063, 
3.65197109756063, 3.65197109756063, 3.65197109756063, 3.65197109756063, 
3.65197109756063, 3.65197109756063, 3.65197109756063, 3.65197109756063, 
3.65197109756063, 0.241064035558284, 0.241064035558284, 0.241064035558284, 
0.241064035558284, 0.241064035558284, 0.241064035558284, 0.241064035558284, 
0.241064035558284, 0.241064035558284, 0.241064035558284, 0.241064035558284, 
0.241064035558284, 0.241064035558284, 0.241064035558284, 0.241064035558284, 
0.241064035558284, 0.241064035558284, 0.241064035558284, 0.241064035558284, 
0.241064035558284, 0.241064035558284, 0.241064035558284, 0.241064035558284, 
0.241064035558284, 0.241064035558284, 0.241064035558284, 0.241064035558284, 
0.241064035558284, 0.241064035558284, 0.241064035558284, 1.00000000000002, 
1.00000000000002, 1.00000000000002, 1.00000000000002, 1.00000000000002, 
1.00000000000002, 1.00000000000002, 1.00000000000002, 1.00000000000002, 
1.00000000000002, 1.00000000000002, 1.00000000000002, 1.00000000000002, 
1.00000000000002, 1.00000000000002, 1.00000000000002, 1.00000000000002, 
1.00000000000002, 1.00000000000002, 1.00000000000002, 1.00000000000002, 
1.00000000000002, 1.00000000000002, 1.00000000000002, 1.00000000000002, 
1.00000000000002, 1.00000000000002, 1.00000000000002, 1.00000000000002, 
1.00000000000002, 0.0714285714285738, 0.0714285714285738, 0.0714285714285738, 
0.0714285714285738, 0.0714285714285738, 0.0714285714285738, 0.0714285714285738, 
0.0714285714285738, 0.0714285714285738, 0.0714285714285738, 0.0714285714285738, 
0.0714285714285738, 0.0714285714285738, 0.0714285714285738, 0.0714285714285738, 
0.0714285714285738, 0.0714285714285738, 0.0714285714285738, 0.0714285714285738, 
