exec <-
structure(c(2, 2, 2, 2, 2, 2, 2, 2, 2, 2, 2, 2, 2, 2, 2, 2, 2, 
2, 2, 2, 2, 2, 2, 2, 2, 2, 2, 2, 2, 2, 16, 16, 16, 16, 16, 16, 
16, 16, 16, 16, 16, 16, 16, 16, 16, 16, 16, 16, 16, 16, 16, 16, 
16, 16, 16, 16, 16, 16, 16, 16, 7, 7, 7, 7, 7, 7, 7, 7, 7, 7, 
7, 7, 7, 7, 7, 7, 7, 7, 7, 7, 7, 7, 7, 7, 7, 7, 7, 7, 7, 7, 9, 
9, 9, 9, 9, 9, 9, 9, 9, 9, 9, 9, 9, 9, 9, 9, 9, 9, 9, 9, 9, 9, 
9, 9, 9, 9, 9, 9, 9, 9, 4521, 4521, 4521, 4521, 4521, 4521, 4521, 
4521, 4521, 4521, 4521, 4521, 4521, 4521, 4521, 4521, 4521, 4521, 
4521, 4521, 4521, 4521, 4521, 4521, 4521, 4521, 4521, 4521, 4521, 
4521, 0.0035390400353904, 0.0035390400353904, 0.0035390400353904, 
0.0035390400353904, 0.0035390400353904, 0.0035390400353904, 0.0035390400353904, 
0.0035390400353904, 0.0035390400353904, 0.0035390400353904, 0.0035390400353904, 
0.0035390400353904, 0.0035390400353904, 0.0035390400353904, 0.0035390400353904, 
0.0035390400353904, 0.0035390400353904, 0.0035390400353904, 0.0035390400353904, 
0.0035390400353904, 0.0035390400353904, 0.0035390400353904, 0.0035390400353904, 
0.0035390400353904, 0.0035390400353904, 0.0035390400353904, 0.0035390400353904, 
0.0035390400353904, 0.0035390400353904, 0.0035390400353904, 0.4375, 
0.4375, 0.4375, 0.4375, 0.4375, 0.4375, 0.4375, 0.4375, 0.4375, 
0.4375, 0.4375, 0.4375, 0.4375, 0.4375, 0.4375, 0.4375, 0.4375, 
0.4375, 0.4375, 0.4375, 0.4375, 0.4375, 0.4375, 0.4375, 0.4375, 
0.4375, 0.4375, 0.4375, 0.4375, 0.4375, 0.5625, 0.5625, 0.5625, 
0.5625, 0.5625, 0.5625, 0.5625, 0.5625, 0.5625, 0.5625, 0.5625, 
0.5625, 0.5625, 0.5625, 0.5625, 0.5625, 0.5625, 0.5625, 0.5625, 
0.5625, 0.5625, 0.5625, 0.5625, 0.5625, 0.5625, 0.5625, 0.5625, 
0.5625, 0.5625, 0.5625, 2, 2, 2, 2, 2, 2, 2, 2, 2, 2, 2, 2, 2, 
2, 2, 2, 2, 2, 2, 2, 2, 2, 2, 2, 2, 2, 2, 2, 2, 2, 12, 12, 12, 
12, 12, 12, 12, 12, 12, 12, 12, 12, 12, 12, 12, 12, 12, 12, 12, 
12, 12, 12, 12, 12, 12, 12, 12, 12, 12, 12, 4.6, 4.6, 4.6, 4.6, 
4.6, 4.6, 4.6, 4.6, 4.6, 4.6, 4.6, 4.6, 4.6, 4.6, 4.6, 4.6, 4.6, 
4.6, 4.6, 4.6, 4.6, 4.6, 4.6, 4.6, 4.6, 4.6, 4.6, 4.6, 4.6, 4.6, 
3.97771570404701, 3.97771570404701, 3.97771570404701, 3.97771570404701, 
3.97771570404701, 3.97771570404701, 3.97771570404701, 3.97771570404701, 
3.97771570404701, 3.97771570404701, 3.97771570404701, 3.97771570404701, 
3.97771570404701, 3.97771570404701, 3.97771570404701, 3.97771570404701, 
3.97771570404701, 3.97771570404701, 3.97771570404701, 3.97771570404701, 
3.97771570404701, 3.97771570404701, 3.97771570404701, 3.97771570404701, 
3.97771570404701, 3.97771570404701, 3.97771570404701, 3.97771570404701, 
3.97771570404701, 3.97771570404701, 46, 46, 46, 46, 46, 46, 46, 
46, 46, 46, 46, 46, 46, 46, 46, 46, 46, 46, 46, 46, 46, 46, 46, 
46, 46, 46, 46, 46, 46, 46, 0.1152399911524, 0.1152399911524, 
0.1152399911524, 0.1152399911524, 0.1152399911524, 0.1152399911524, 
0.1152399911524, 0.1152399911524, 0.1152399911524, 0.1152399911524, 
0.1152399911524, 0.1152399911524, 0.1152399911524, 0.1152399911524, 
0.1152399911524, 0.1152399911524, 0.1152399911524, 0.1152399911524, 
0.1152399911524, 0.1152399911524, 0.1152399911524, 0.1152399911524, 
0.1152399911524, 0.1152399911524, 0.1152399911524, 0.1152399911524, 
0.1152399911524, 0.1152399911524, 0.1152399911524, 0.1152399911524, 
0.8847600088476, 0.8847600088476, 0.8847600088476, 0.8847600088476, 
0.8847600088476, 0.8847600088476, 0.8847600088476, 0.8847600088476, 
0.8847600088476, 0.8847600088476, 0.8847600088476, 0.8847600088476, 
0.8847600088476, 0.8847600088476, 0.8847600088476, 0.8847600088476, 
0.8847600088476, 0.8847600088476, 0.8847600088476, 0.8847600088476, 
0.8847600088476, 0.8847600088476, 0.8847600088476, 0.8847600088476, 
0.8847600088476, 0.8847600088476, 0.8847600088476, 0.8847600088476, 
0.8847600088476, 0.8847600088476, 0.5, 0.5, 0.5, 0.5, 0.5, 0.5, 
0.5, 0.5, 0.5, 0.5, 0.5, 0.5, 0.5, 0.5, 0.5, 0.5, 0.5, 0.5, 0.5, 
0.5, 0.5, 0.5, 0.5, 0.5, 0.5, 0.5, 0.5, 0.5, 0.5, 0.5, 0.544132822771068, 
0.544132822771068, 0.544132822771068, 0.544132822771068, 0.544132822771068, 
0.544132822771068, 0.544132822771068, 0.544132822771068, 0.544132822771068, 
0.544132822771068, 0.544132822771068, 0.544132822771068, 0.544132822771068, 
0.544132822771068, 0.544132822771068, 0.544132822771068, 0.544132822771068, 
0.544132822771068, 0.544132822771068, 0.544132822771068, 0.544132822771068, 
0.544132822771068, 0.544132822771068, 0.544132822771068, 0.544132822771068, 
0.544132822771068, 0.544132822771068, 0.544132822771068, 0.544132822771068, 
0.544132822771068, 2.88766326712267, 2.88766326712267, 2.88766326712267, 
2.88766326712267, 2.88766326712267, 2.88766326712267, 2.88766326712267, 
2.88766326712267, 2.88766326712267, 2.88766326712267, 2.88766326712267, 
2.88766326712267, 2.88766326712267, 2.88766326712267, 2.88766326712267, 
2.88766326712267, 2.88766326712267, 2.88766326712267, 2.88766326712267, 
2.88766326712267, 2.88766326712267, 2.88766326712267, 2.88766326712267, 
2.88766326712267, 2.88766326712267, 2.88766326712267, 2.88766326712267, 
2.88766326712267, 2.88766326712267, 2.88766326712267, 3.44103148551376, 
3.44103148551376, 3.44103148551376, 3.44103148551376, 3.44103148551376, 
3.44103148551376, 3.44103148551376, 3.44103148551376, 3.44103148551376, 
3.44103148551376, 3.44103148551376, 3.44103148551376, 3.44103148551376, 
3.44103148551376, 3.44103148551376, 3.44103148551376, 3.44103148551376, 
3.44103148551376, 3.44103148551376, 3.44103148551376, 3.44103148551376, 
3.44103148551376, 3.44103148551376, 3.44103148551376, 3.44103148551376, 
3.44103148551376, 3.44103148551376, 3.44103148551376, 3.44103148551376, 
3.44103148551376, 23.9578277719843, 23.9578277719843, 23.9578277719843, 
23.9578277719843, 23.9578277719843, 23.9578277719843, 23.9578277719843, 
23.9578277719843, 23.9578277719843, 23.9578277719843, 23.9578277719843, 
23.9578277719843, 23.9578277719843, 23.9578277719843, 23.9578277719843, 
23.9578277719843, 23.9578277719843, 23.9578277719843, 23.9578277719843, 
23.9578277719843, 23.9578277719843, 23.9578277719843, 23.9578277719843, 
23.9578277719843, 23.9578277719843, 23.9578277719843, 23.9578277719843, 
23.9578277719843, 23.9578277719843, 23.9578277719843, 21.5155295896843, 
21.5155295896843, 21.5155295896843, 21.5155295896843, 21.5155295896843, 
21.5155295896843, 21.5155295896843, 21.5155295896843, 21.5155295896843, 
21.5155295896843, 21.5155295896843, 21.5155295896843, 21.5155295896843, 
21.5155295896843, 21.5155295896843, 21.5155295896843, 21.5155295896843, 
21.5155295896843, 21.5155295896843, 21.5155295896843, 21.5155295896843, 
21.5155295896843, 21.5155295896843, 21.5155295896843, 21.5155295896843, 
21.5155295896843, 21.5155295896843, 21.5155295896843, 21.5155295896843, 
21.5155295896843, 0.137689050401862, 0.137689050401862, 0.137689050401862, 
0.137689050401862, 0.137689050401862, 0.137689050401862, 0.137689050401862, 
0.137689050401862, 0.137689050401862, 0.137689050401862, 0.137689050401862, 
0.137689050401862, 0.137689050401862, 0.137689050401862, 0.137689050401862, 
0.137689050401862, 0.137689050401862, 0.137689050401862, 0.137689050401862, 
0.137689050401862, 0.137689050401862, 0.137689050401862, 0.137689050401862, 
0.137689050401862, 0.137689050401862, 0.137689050401862, 0.137689050401862, 
0.137689050401862, 0.137689050401862, 0.137689050401862, 0.538575478291511, 
0.538575478291511, 0.538575478291511, 0.538575478291511, 0.538575478291511, 
0.538575478291511, 0.538575478291511, 0.538575478291511, 0.538575478291511, 
0.538575478291511, 0.538575478291511, 0.538575478291511, 0.538575478291511, 
0.538575478291511, 0.538575478291511, 0.538575478291511, 0.538575478291511, 
0.538575478291511, 0.538575478291511, 0.538575478291511, 0.538575478291511, 
0.538575478291511, 0.538575478291511, 0.538575478291511, 0.538575478291511, 
0.538575478291511, 0.538575478291511, 0.538575478291511, 0.538575478291511, 
0.538575478291511, 1, 1, 1, 1, 1, 1, 1, 1, 1, 1, 1, 1, 1, 1, 
1, 1, 1, 1, 1, 1, 1, 1, 1, 1, 1, 1, 1, 1, 1, 1, 0.357332474872218, 
